500
1000
550
3780
250
0
0
10
10
10
10
10
10
10
10
440
730
10
10
0
0
0
0
0
0
3740
3760
0
0
0
0
0
0
0
0
0
0
0
20
20
0
10
0
10
10
0
10
10
0
0
0
0
10
10
0
0
0
0
0
0
0
0
0
0
0
0
0
0
10
10
0
0
0
0
0
0
0
0
0
0
0
0
20
20
20
20
10
0
0
0
0
0
0
0
0
0
0
0
0
0
0
0
0
0
20
20
20
20
10
10
0
10
10
30
30
0
0
10
10
0
10
10
10
10
0
0
0
20
20
20
20
20
20
20
20
10
10
0
0
10
10
0
40
40
10
80
30
30
0
0
60
60
60
0
60
60
40
40
50
50
20
30
30
0
30
30
10
0
40
40
60
60
50
50
50
10
60
60
50
50
80
10
40
40
40
20
0
20
0
30
30
40
40
40
40
0
0
60
60
50
50
80
30
30
40
40
0
20
40
40
50
50
0
60
60
0
0
40
40
50
50
40
40
40
40
20
40
40
60
60
50
50
70
10
40
40
10
60
60
20
0
60
60
40
40
10
20
150
20
40
40
50
50
30
30
50
50
10
40
40
0
0
0
0
70
0
30
30
60
60
60
40
40
10
40
40
30
60
60
30
30
0
30
30
50
50
0
60
60
20
30
30
20
10
50
50
50
30
30
20
50
50
70
70
70
30
30
20
10
30
50
50
10
40
40
70
30
30
0
0
10
20
50
50
0
40
40
40
40
0
30
30
0
60
60
30
0
0
20
20
0
80
80
80
10
0
40
40
0
0
0
60
60
40
40
0
50
50
50
80
30
30
50
50
50
50
70
20
50
50
40
40
0
30
30
50
50
20
80
20
10
40
40
30
30
40
40
70
50
50
60
60
0
40
40
40
40
40
40
40
0
50
50
70
40
40
20
80
40
40
0
50
50
40
40
20
50
50
80
50
50
20
0
40
60
60
30
30
70
10
80
30
30
50
10
